50000: <emcee.ensemble.EnsembleSampler object at 0x7323d62f3da0>[[[5.48813504e-01 7.15189366e-01 6.02763376e-01 5.44883183e-01]
  [4.78157119e-01 7.21776346e-01 4.76852278e-01 5.70253245e-01]
  [4.93244716e-01 7.55987558e-01 4.08736072e-01 4.89160947e-01]
  ...
  [4.97983210e+01 1.04107570e+01 3.05785088e+00 1.00175141e-01]
  [4.97983210e+01 1.04107570e+01 3.05785088e+00 1.00175141e-01]
  [4.97983210e+01 1.04107570e+01 3.05785088e+00 1.00175141e-01]]

 [[4.23654799e-01 6.45894113e-01 4.37587211e-01 8.91773001e-01]
  [4.26982777e-01 6.52340857e-01 4.29138731e-01 8.73227113e-01]
  [4.26982777e-01 6.52340857e-01 4.29138731e-01 8.73227113e-01]
  ...
  [4.81908075e+01 1.00979168e+01 7.68996212e+00 1.17657749e-01]
  [4.86130092e+01 1.01800820e+01 6.47337191e+00 1.13066070e-01]
  [4.86130092e+01 1.01800820e+01 6.47337191e+00 1.13066070e-01]]

 [[8.95237841e-01 4.08382962e-01 6.87514720e-01 5.40859291e-01]
  [8.95237841e-01 4.08382962e-01 6.87514720e-01 5.40859291e-01]
  [8.95237841e-01 4.08382962e-01 6.87514720e-01 5.40859291e-01]
  ...
  [1.49554676e+01 1.08254972e+01 5.82698683e+01 4.07313177e+01]
  [1.49554676e+01 1.08254972e+01 5.82698683e+01 4.07313177e+01]
  [1.49554676e+01 1.08254972e+01 5.82698683e+01 4.07313177e+01]]

 ...

 [[5.49028374e-01 4.72605806e-01 4.66652258e-01 7.48613807e-01]
  [5.16341099e-01 4.94859315e-01 4.85907253e-01 7.56117790e-01]
  [5.02291156e-01 5.19620375e-01 4.76981453e-01 7.74531065e-01]
  ...
  [4.84798238e+01 1.02106813e+01 5.65932600e+00 1.31524939e-01]
  [4.84798238e+01 1.02106813e+01 5.65932600e+00 1.31524939e-01]
  [4.84798238e+01 1.02106813e+01 5.65932600e+00 1.31524939e-01]]

 [[4.63232756e-01 5.91040813e-01 2.20967641e-02 5.84056734e-01]
  [4.68349360e-01 6.35861613e-01 1.78003163e-01 5.79324406e-01]
  [4.68349360e-01 6.35861613e-01 1.78003163e-01 5.79324406e-01]
  ...
  [4.29596143e-01 1.24626002e+00 9.63842162e+00 6.75208156e-03]
  [4.29596143e-01 1.24626002e+00 9.63842162e+00 6.75208156e-03]
  [4.29596143e-01 1.24626002e+00 9.63842162e+00 6.75208156e-03]]

 [[6.17520620e-01 6.18621176e-01 9.75924748e-01 6.84053106e-01]
  [6.74842700e-01 7.40823402e-01 1.40214174e+00 6.30021387e-01]
  [7.59876091e-01 7.49058045e-01 1.80217360e+00 6.55861043e-01]
  ...
  [2.54885099e+01 1.08113875e+01 2.77974645e+00 4.17721248e+01]
  [2.54885099e+01 1.08113875e+01 2.77974645e+00 4.17721248e+01]
  [3.06087821e+01 1.07270044e+01 2.83832241e+00 3.29949393e+01]]]
50000: <emcee.ensemble.EnsembleSampler object at 0x7323d62f3da0>[[[5.48813504e-01 7.15189366e-01 6.02763376e-01 5.44883183e-01]
  [4.78157119e-01 7.21776346e-01 4.76852278e-01 5.70253245e-01]
  [4.93244716e-01 7.55987558e-01 4.08736072e-01 4.89160947e-01]
  ...
  [4.97983210e+01 1.04107570e+01 3.05785088e+00 1.00175141e-01]
  [4.97983210e+01 1.04107570e+01 3.05785088e+00 1.00175141e-01]
  [4.97983210e+01 1.04107570e+01 3.05785088e+00 1.00175141e-01]]

 [[4.23654799e-01 6.45894113e-01 4.37587211e-01 8.91773001e-01]
  [4.26982777e-01 6.52340857e-01 4.29138731e-01 8.73227113e-01]
  [4.26982777e-01 6.52340857e-01 4.29138731e-01 8.73227113e-01]
  ...
  [4.81908075e+01 1.00979168e+01 7.68996212e+00 1.17657749e-01]
  [4.86130092e+01 1.01800820e+01 6.47337191e+00 1.13066070e-01]
  [4.86130092e+01 1.01800820e+01 6.47337191e+00 1.13066070e-01]]

 [[8.95237841e-01 4.08382962e-01 6.87514720e-01 5.40859291e-01]
  [8.95237841e-01 4.08382962e-01 6.87514720e-01 5.40859291e-01]
  [8.95237841e-01 4.08382962e-01 6.87514720e-01 5.40859291e-01]
  ...
  [1.49554676e+01 1.08254972e+01 5.82698683e+01 4.07313177e+01]
  [1.49554676e+01 1.08254972e+01 5.82698683e+01 4.07313177e+01]
  [1.49554676e+01 1.08254972e+01 5.82698683e+01 4.07313177e+01]]

 ...

 [[5.49028374e-01 4.72605806e-01 4.66652258e-01 7.48613807e-01]
  [5.16341099e-01 4.94859315e-01 4.85907253e-01 7.56117790e-01]
  [5.02291156e-01 5.19620375e-01 4.76981453e-01 7.74531065e-01]
  ...
  [4.84798238e+01 1.02106813e+01 5.65932600e+00 1.31524939e-01]
  [4.84798238e+01 1.02106813e+01 5.65932600e+00 1.31524939e-01]
  [4.84798238e+01 1.02106813e+01 5.65932600e+00 1.31524939e-01]]

 [[4.63232756e-01 5.91040813e-01 2.20967641e-02 5.84056734e-01]
  [4.68349360e-01 6.35861613e-01 1.78003163e-01 5.79324406e-01]
  [4.68349360e-01 6.35861613e-01 1.78003163e-01 5.79324406e-01]
  ...
  [4.29596143e-01 1.24626002e+00 9.63842162e+00 6.75208156e-03]
  [4.29596143e-01 1.24626002e+00 9.63842162e+00 6.75208156e-03]
  [4.29596143e-01 1.24626002e+00 9.63842162e+00 6.75208156e-03]]

 [[6.17520620e-01 6.18621176e-01 9.75924748e-01 6.84053106e-01]
  [6.74842700e-01 7.40823402e-01 1.40214174e+00 6.30021387e-01]
  [7.59876091e-01 7.49058045e-01 1.80217360e+00 6.55861043e-01]
  ...
  [2.54885099e+01 1.08113875e+01 2.77974645e+00 4.17721248e+01]
  [2.54885099e+01 1.08113875e+01 2.77974645e+00 4.17721248e+01]
  [3.06087821e+01 1.07270044e+01 2.83832241e+00 3.29949393e+01]]]
