<emcee.ensemble.EnsembleSampler object at 0x748d0e92acc0>[[[70.00018697  0.29991255]
  [70.00025629  0.29983579]
  [70.00025629  0.29983579]
  ...
  [68.21502182  0.46871767]
  [68.23669191  0.46525076]
  [69.62848225  0.41144769]]

 [[69.99991087  0.2999617 ]
  [69.99990893  0.2999633 ]
  [69.9998804   0.2999284 ]
  ...
  [70.1280932   0.26391557]
  [70.38403522  0.26855634]
  [74.14834188  0.10168818]]

 [[70.00011951  0.29972462]
  [70.00009342  0.2995464 ]
  [70.00005624  0.29946625]
  ...
  [74.5882901   0.16724059]
  [74.60675177  0.16667491]
  [75.51095947  0.19077099]]

 ...

 [[70.00007783  0.30003343]
  [70.00009502  0.30002348]
  [70.00023826  0.29985867]
  ...
  [60.46486644  0.71295885]
  [60.90596915  0.68871005]
  [60.06522995  0.7173089 ]]

 [[69.99996653  0.30009478]
  [69.99967137  0.30012695]
  [69.99948792  0.30022552]
  ...
  [73.27737392  0.30561852]
  [73.27737392  0.30561852]
  [69.36512945  0.41677523]]

 [[70.00003168  0.29999902]
  [70.0000725   0.29996873]
  [70.00019864  0.29992342]
  ...
  [69.34169175  0.48770385]
  [68.11536369  0.51369725]
  [68.11536369  0.51369725]]]
<emcee.ensemble.EnsembleSampler object at 0x748d0132bfe0>[[[70.00019392  0.29977869]
  [70.00019392  0.29977869]
  [70.00022935  0.29975477]
  ...
  [74.15691119  0.25740907]
  [74.93999775  0.24611995]
  [73.33053365  0.30727809]]

 [[70.00009423  0.30014549]
  [70.00009423  0.30014549]
  [69.99981214  0.30049737]
  ...
  [61.73684291  0.56473202]
  [61.73684291  0.56473202]
  [60.16601244  0.57520857]]

 [[70.00051838  0.29952553]
  [70.0004738   0.29960951]
  [70.00058625  0.29953174]
  ...
  [69.81792335  0.39110003]
  [73.28014534  0.35825518]
  [73.08094531  0.34583519]]

 ...

 [[70.00010054  0.30008652]
  [70.00011711  0.30007799]
  [70.00028274  0.30019456]
  ...
  [64.2790847   0.73068504]
  [64.72991818  0.7207518 ]
  [70.34312681  0.49944345]]

 [[69.99981741  0.30012285]
  [69.99955543  0.30032092]
  [69.99889501  0.30087572]
  ...
  [62.49076469  0.77701466]
  [62.49076469  0.77701466]
  [61.14716431  0.82450926]]

 [[70.00020841  0.30001655]
  [70.0004028   0.29993975]
  [70.00058468  0.29999282]
  ...
  [60.46836485  0.78286672]
  [59.3194564   0.97310731]
  [59.3194564   0.97310731]]]
